[tela pdv.jpg]
filters=finetune2=1,0.087719,0.028070,0.075789,00000000,0.000000;unsharp2=1,0.000000;Soften=1,53.801167,52.631580;Soften=1,65.497078,50.000000;
moddate=0f8a34459f28d101
width=635
height=475
textactive=0
[tela relatório.jpg]
filters=finetune2=1,0.076023,0.011228,0.047719,00000000,0.000000;unsharp2=1,0.000000;Soften=1,63.742691,61.988304;
moddate=3c8165569e28d101
width=816
height=460
textactive=0
